  2.3000000e+001
  2.4000000e+001
  8.0000000e+000
  8.0000000e+000
  8.0000000e+000
  8.0000000e+000
  1.6700000e+002
  1.6700000e+002
  6.1000000e+001
  6.1000000e+001
  6.5000000e+001
  6.9000000e+001
  7.4000000e+001
  7.4000000e+001
  6.6000000e+001
  2.3230000e+003
  2.2600000e+003
  2.2600000e+003
  2.2600000e+003
  2.2400000e+003
  2.2400000e+003
  2.2680000e+003
  2.2440000e+003
  2.2440000e+003
  2.2440000e+003
  2.2440000e+003
  2.2440000e+003
  2.2200000e+003
  2.2600000e+003
  2.2640000e+003
  2.2810000e+003
  2.2640000e+003
  2.2640000e+003
  2.2560000e+003
  2.2560000e+003
  2.2520000e+003
  2.2600000e+003
  2.2440000e+003
  2.2640000e+003
  2.2120000e+003
  2.2120000e+003
  2.2320000e+003
  2.2440000e+003
  2.2440000e+003
  2.2440000e+003
  2.2010000e+003
  2.2010000e+003
  2.2400000e+003
  2.2400000e+003
  2.2320000e+003
  2.2320000e+003
  2.2320000e+003
  2.2240000e+003
  2.2360000e+003
  2.2240000e+003
  2.2240000e+003
  2.2400000e+003
  2.2400000e+003
  2.2520000e+003
  2.2520000e+003
  2.2200000e+003
  2.2200000e+003
  2.2320000e+003
  2.2200000e+003
  2.2200000e+003
  2.2360000e+003
  2.2360000e+003
  2.2120000e+003
  2.1970000e+003
  2.1970000e+003
  2.2160000e+003
  2.2160000e+003
  2.2160000e+003
  2.2010000e+003
  2.2280000e+003
  2.2520000e+003
  2.2520000e+003
  2.2040000e+003
  2.2040000e+003
  2.2040000e+003
  2.2480000e+003
  2.2480000e+003
  2.2480000e+003
  2.2120000e+003
  2.2400000e+003
  2.1660000e+003
  2.2160000e+003
  2.2160000e+003
  2.2320000e+003
  2.2320000e+003
  2.2360000e+003
  2.2280000e+003
  2.2120000e+003
  2.1930000e+003
  2.2160000e+003
  2.1850000e+003
  2.1850000e+003
  2.2320000e+003
  2.2160000e+003
  2.2010000e+003
  2.2010000e+003
  2.2480000e+003
  2.2480000e+003
  2.2400000e+003
  2.2280000e+003
  2.2280000e+003
  6.3000000e+001
  6.3000000e+001
  6.5000000e+001
  6.6000000e+001
  6.6000000e+001
  6.6000000e+001
  6.6000000e+001
  2.9000000e+001
  2.9000000e+001
  2.9000000e+001
  2.8000000e+001
  2.8000000e+001
  2.6000000e+001
  2.6000000e+001
  2.4000000e+001
  2.4000000e+001
  2.4000000e+001
  2.5000000e+001
  2.5000000e+001
  2.5000000e+001
  7.0000000e+000
  7.0000000e+000
  8.0000000e+000
  8.0000000e+000
  9.0000000e+000
  9.0000000e+000
  9.0000000e+000
  6.6000000e+001
  6.6000000e+001
  6.6000000e+001
  7.5000000e+001
  7.5000000e+001
  8.8000000e+001
  7.4000000e+001
  2.2400000e+003
  2.2400000e+003
  2.2400000e+003
  2.2400000e+003
  2.2160000e+003
  2.2160000e+003
  2.2160000e+003
  2.2160000e+003
  2.2160000e+003
  2.2600000e+003
  2.2600000e+003
  2.2560000e+003
  2.2560000e+003
  2.2560000e+003
  2.2440000e+003
  2.2440000e+003
  2.2040000e+003
  2.2040000e+003
  1.9000000e+001
  1.9000000e+001
  1.9000000e+001
  3.0000000e+001
  2.8000000e+001
  2.8000000e+001
  2.4000000e+001
  2.4000000e+001
  2.5000000e+001
  2.5000000e+001
  2.5000000e+001
  2.5000000e+001
  2.5000000e+001
  1.3000000e+001
  8.0000000e+000
  8.0000000e+000
  8.0000000e+000
  8.0000000e+000
  6.3000000e+001
  6.3000000e+001
  7.4000000e+001
  7.4000000e+001
  7.4000000e+001
  7.8000000e+001
  2.2480000e+003
  2.2480000e+003
  2.2810000e+003
  2.2810000e+003
  2.2360000e+003
  2.2360000e+003
  2.2560000e+003
  2.2810000e+003
  2.2810000e+003
  2.2640000e+003
  2.2640000e+003
  2.2600000e+003
  2.2600000e+003
  2.2600000e+003
  2.2600000e+003
  2.2600000e+003
  2.2360000e+003
  2.2360000e+003
  2.2240000e+003
  2.2200000e+003
  2.2200000e+003
  2.2080000e+003
  2.2160000e+003
  2.2160000e+003
  2.2400000e+003
  2.2400000e+003
  2.2400000e+003
  2.2400000e+003
  2.1970000e+003
  2.2400000e+003
  2.2320000e+003
  2.2320000e+003
  2.2160000e+003
  2.2200000e+003
  2.2200000e+003
  2.2560000e+003
  2.2480000e+003
  2.3020000e+003
  2.2680000e+003
  2.2640000e+003
  2.2640000e+003
  2.3020000e+003
  2.2890000e+003
  2.2930000e+003
  2.2560000e+003
  2.2560000e+003
  2.2640000e+003
  2.2640000e+003
  2.2640000e+003
  2.2930000e+003
  2.2850000e+003
  2.2850000e+003
  2.2980000e+003
  2.2850000e+003